00001000 00100000 00000000 00001000
01001000 01000000 00000000 00000010
01001100 01100010 00000000 00001000
00000100 10000011 00001000 00000000
01000000 10100100 00010000 00000000
01100000 10100101 00000000 00000010
11010000 10100001 11111111 11111110
11101000 00000000 00000000 00010100
10011101 00001101 00001000 00000000
00001001 11000000 11111111 11111110
10011101 00101000 01110000 00000000
10011001 01001001 00000000 00000010
10011001 01101010 00000000 00000000
00000001 01101011 01010000 00000000
11010101 01100010 11111111 11111110
00001001 10000000 11111111 11111110
00001001 10001100 00000000 00000001
11011001 10011111 11111111 11111110
01000101 10000010 00000000 00000010
11100000 00000000 00000000 00010111
11000000 01000000 00000000 00000100
11000101 10100000 00000000 00000100
11100111 11100000 00000000 00000000
11111100 00000000 00000000 00000000
