00000000 00100010 00100000 00000000
00000100 01100100 00000000 00000101
00001000 10000011 00001000 00000000
01000000 10000010 00000000 00001001
01000100 10000010 00101000 00000000
01001000 01000001 00110000 00000000
01100000 00000111 01000010 10000000
10011000 01001000 00000000 00000100
10011100 01000001 00000000 00000100
11000000 00100000 00000000 00000001
11000000 00100001 00000000 00000001
11000000 00100000 00000000 00000001
11111100 00000000 00000000 00000000
00000100 01100100 00000000 00000101